15
57
62
72
73
75
90
134
139
143
162
169
171
174
176
180
184
200
203
210
215
224
227
234
237
238
240
243
250
257
276
299
303
324
331
338
339
354
369
377
397
406
415
416
419
438
441
443
464
484
504
506
511
525
536
539
555
565
573
578
581
585
589
600
609
614
629
634
636
644
645
655
660
665
676
678
685
692
705
709
711
717
721
729
742
749
774
776
781
782
783
786
791
799
814
817
833
834
843
880
890
891
906
941
942
944
945
951
957
971
976
977
990
991
1003
1023
1040
1044
1052
1057
1067
1076
1078
1083
1087
1093
1101
1108
1114
1122
1131
1134
1149
1158
1162
1165
1166
1174
1187
1206
1214
1217
1219
1227
1239
1245
1251
1273
1274
1279
1283
1285
1291
1297
1304
1336
1340
1345
1347
1355
1357
1358
1362
1370
1379
1383
1387
1394
1398
1403
1404
1414
1416
1419
1425
1429
1456
1465
1473
1475
1483
1489
1490
1499
1500
1502
1513
1529
1540
1551
1557
1560
1562
1563
1564
1578
1585
1587
1593
1596
1597
1602
1604
1615
1619
1625
1632
1636
1637
1645
1651
1653
1655
1677
1678
1684
1697
1702
1717
1719
1720
1725
1728
1730
1735
1742
1747
1756
1765
1769
1773
1776
1779
1787
1789
1804
1808
1816
1818
1824
1831
1833
1834
1835
1837
1843
1848
1849
1861
1867
1870
1876
1893
1895
1897
1899
1902
1910
1919
1921
1932
1933
1938
1942
1954
1958
1961
1969
1970
1977
1983
1985
1990
1998
2002
2012
2017
2031
2036
2046
2048
2052
2055
2058
2070
2073
2076
2085
2092
2093
2097
2103
2104
2106
2118
2122
2127
2129
2130
2131
2144
2149
2154
2162
2168
2178
2200
2206
2207
2212
2227
2228
2232
2237
2243
2245
2249
2254
2255
2256
2259
2265
2269
2275
2282
2292
2307
2317
2326
2328
2344
2348
2350
2352
2356
2358
2361
2371
2386
2395
2401
2402
2405
2408
2417
2420
2423
2425
2430
2433
2437
2443
2463
2469
2473
2482
2483
2494
2495
2499
2509
2510
2511
2513
2522
2534
2535
2542
2545
2555
2557
2566
2574
2582
2583
2588
2591
2593
2596
2602
2617
2636
2638
2653
2655
2658
2660
2662
2664
2665
2668
2672
2680
2682
2683
2684
2685
2688
2689
2690
2697
2698
2705
2706
2714
2717
2726
2736
2741
2742
2754
2756
2757
2761
2762
2763
2764
2768
2771
2772
2774
2779
2787
2791
2795
2797
2799
2801
2819
2826
2842
2845
2848
2855
2856
2868
2870
2877
2878
2880
2882
2888
2890
2893
2895
2902
2904
2912
2916
2919
2921
2926
2928
2929
2930
2944
2946
2947
2948
2951
2954
2956
2960
2964
2967
2980
2981
2982
2986
2998
3000
3001
3004
3005
3012
3014
3019
3020
3030
3031
3032
3035
3041
3044
3056
3058
3064
3067
3081
3083
3085
3093
3103
3104
3107
3112
3132
3146
3148
3149
3155
3156
3158
3160
3162
3165
3170
3173
3185
3187
3188
3193
3194
3199
3203
3204
3218
3221
3224
3236
3240
3244
3245
3248
3249
3251
3253
3256
3258
3272
3275
3285
3287
3288
3294
3314
3315
3317
3325
3326
3328
3331
3335
3337
3356
3357
3363
3365
3366
3367
3368
3370
3381
3386
3391
3398
3401
3405
3409
3426
3434
3438
3440
3442
3444
3456
3458
3466
3472
3478
3490
3496
3513
3538
3541
3544
3553
3558
3582
3583
3591
3605
3607
3614
3626
3627
3630
3635
3645
3649
3658
3664
3671
3672
3686
3691
3694
3697
3701
3706
3713
3722
3724
3726
3727
3734
3736
3747
3748
3749
3765
3768
3778
3784
3796
3798
3802
3803
3805
3806
3810
3812
3813
3821
3835
3843
3846
3849
3853
3856
3859
3860
3862
3866
3867
3873
3877
3881
3882
3885
3887
3890
3891
3902
3914
3915
3919
3924
3927
3929
3931
3935
3937
3945
3948
3954
3961
3972
3975
3976
3980
3981
3983
3987
3992
3993
3994
4001
4008
4022
4024
4029
4037
4038
4047
4048
4065
4067
4081
4082
4106
4107
4108
4111
4113
4128
4133
4134
4150
4160
4165
4169
4171
4178
4186
4187
4194
4195
4197
4198
4201
4204
4210
4218
4219
4237
4248
4257
4264
4267
4269
4276
4287
4289
4291
4292
4293
4300
4306
4312
4314
4330
4337
4339
4346
4347
4354
4360
4363
4372
4377
4380
4382
4385
4396
4403
4410
4413
4421
4424
4436
4437
4438
4446
4454
4466
4469
4479
4484
4488
4495
4496
4505
4507
4513
4527
4540
4546
4550
4553
4558
4559
4564
4568
4572
4575
4583
4601
4606
4607
4608
4611
4623
4625
4630
4637
4644
4649
4651
4652
4653
4660
4688
4692
4695
4696
4703
4705
4708
4713
4716
4719
4722
4725
4736
4737
4738
4741
4742
4743
4759
4760
4771
4782
4784
4785
4786
4787
4792
4797
4802
4803
4804
4807
4814
4822
4823
4837
4839
4849
4853
4858
4862
4870
4873
4878
4880
4893
4896
4900
4903
4905
4908
4915
4918
4919
4921
4928
4932
4940
4943
4954
4962
4963
4980
4985
4987
4988
4997
5002
5003
5011
5023
5025
5038
5039
5048
5053
5055
5079
5083
5092
5093
5098
5102
5110
5111
5113
5117
5132
5133
5137
5142
5145
5158
5162
5169
5170
5173
5178
5188
5191
5193
5197
5223
5246
5248
5254
5259
5262
5284
5289
5296
5299
5314
5317
5318
5322
5323
5327
5332
5333
5342
5345
5352
5353
5355
5362
5364
5365
5367
5373
5377
5392
5393
5408
5409
5412
5419
5421
5423
5424
5442
5447
5451
5452
5454
5465
5468
5472
5474
5476
5481
5483
5484
5490
5494
5497
5503
5504
5514
5516
5519
5526
5528
5530
5533
5543
5549
5555
5559
5564
5565
5576
5579
5594
5595
5597
5600
5602
5603
5605
5606
5608
5610
5611
5614
5616
5617
5621
5622
5623
5624
5629
5635
5636
5637
5641
5647
5650
5658
5670
5673
5677
5682
5687
5691
5697
5698
5706
5710
5711
5716
5719
5721
5725
5727
5728
5731
5746
5750
5752
5754
5758
5762
5768
5769
5775
5781
5788
5789
5798
5811
5812
5814
5815
5819
5824
5828
5832
5834
5837
5839
5840
5844
5849
5850
5853
5854
5862
5866
5872
5882
5883
5886
5887
5888
5894
5898
5909
5912
5916
5918
5919
5925
5929
5944
5948
5953
5971
5974
5981
5987
5994
5996
5998
6000
6004
6007
6016
6026
6032
6039
6058
6060
6068
6071
6073
6077
6078
6081
6083
6085
6089
6097
6098
6099
6100
6110
6111
6115
6116
6119
6124
6125
6127
6128
6135
6136
6141
6143
6150
6155
6170
6178
6195
6198
6203
6205
6208
6214
6221
6222
6224
6226
6230
6234
6241
6247
6248
6253
6254
6261
6263
6264
6265
6268
6270
6273
6275
6277
6280
6282
6289
6290
6295
6299
6303
6305
6319
6323
6338
6343
6347
6354
6358
6365
6372
6373
6376
6382
6390
6396
6398
6403
6408
6411
6415
6419
6422
6424
6431
6432
6434
6438
6444
6462
6464
6472
6473
6474
6476
6490
6491
6492
6493
6495
6498
6506
6507
6511
6515
6519
6522
6525
6530
6531
6541
6548
6556
6557
6562
6571
6577
6584
6587
6596
6597
6598
6604
6608
6616
6621
6623
6624
6625
6626
6631
6633
6638
6644
6650
6655
6657
6658
6660
6661
6664
6667
6671
6673
6674
6675
6676
6679
6682
6686
6687
6691
6692
6698
6708
6710
6711
6722
6725
6726
6730
6734
6736
6739
6755
6759
6765
6769
6771
6772
6773
6775
6784
6793
6795
6801
6805
6806
6812
6813
6815
6820
6821
6827
6831
6834
6837
6840
6847
6849
6850
6855
6860
6871
6874
6875
6883
6899
6904
6905
6911
6912
6922
6938
6940
6941
6949
6950
6964
6965
6970
6971
6974
6975
6991
6993
6995
6999
7000
7004
7005
7013
7021
7023
7024
7036
7040
7043
7051
7052
7054
7069
7071
7077
7078
7080
7083
7084
7086
7090
7096
7097
7098
7102
7108
7114
7121
7122
7125
7133
7134
7137
7141
7144
7157
7163
7164
7166
7170
7174
7175
7181
7182
7183
7188
7189
7191
7192
7193
7194
7196
7200
7202
7203
7207
7213
7216
7217
7219
7222
7229
7232
7235
7237
7240
7246
7248
7259
7267
7280
7284
7286
7287
7295
7297
7303
7305
7312
7315
7318
7321
7326
7331
7335
7337
7345
7346
7356
7359
7361
7364
7368
7369
7373
7380
7381
7382
7385
7388
7390
7391
7400
7404
7405
7410
7417
7431
7435
7437
7445
7447
7448
7450
7457
7461
7471
7472
7474
7478
7484
7485
7488
7489
7492
7494
7495
7506
7527
7530
7532
7533
7536
7546
7547
7554
7556
7557
7564
7578
7579
7580
7581
7582
7583
7588
7590
7595
7596
7601
7608
7610
7618
7620
7630
7644
7645
7646
7653
7654
7657
7658
7659
7660
7665
7667
7670
7672
7673
7674
7676
7677
7678
7679
7682
7684
7686
7687
7691
7694
7698
7705
7708
7709
7710
7719
7722
7723
7725
7726
7733
7734
7743
7757
7760
7764
7769
7772
7773
7775
7776
7786
7787
7792
7795
7802
7803
7804
7807
7810
7819
7831
7835
7843
7846
7853
7856
7864
7865
7867
7870
7873
7875
7885
7886
7891
7892
7903
7908
7909
7912
7918
7920
7926
7932
7937
7939
7945
7947
7948
7949
7951
7953
7955
7956
7958
7962
7963
7969
7972
7974
7978
7980
7981
7983
7989
7998
7999
8001
8002
8003
8016
8022
8026
8027
8028
8032
8036
8038
8046
8050
8052
8054
8058
8060
8063
8069
8070
8072
8081
8087
8088
8089
8092
8095
8098
8105
8108
8110
8111
8113
8118
8123
8124
8128
8129
8137
8139
8144
8146
8149
8152
8157
8158
8159
8162
8165
8166
8173
8178
8180
8182
8184
8193
8202
8203
8205
8206
8209
8216
8221
8227
8228
8235
8243
8247
8248
8255
8258
8266
8267
8279
8282
8288
8290
8291
8293
8300
8306
8309
8312
8313
8314
8321
8325
8334
8335
8338
8339
8344
8345
8349
8364
8367
8372
8376
8377
8388
8393
8394
8402
8405
8407
8408
8425
8426
8434
8436
8437
8440
8441
8442
8444
8446
8451
8453
8457
8458
8461
8464
8466
8467
8468
8476
8480
8481
8483
8487
8491
8493
8494
8502
8509
8511
8515
8517
8520
8523
8525
8528
8533
8541
8552
8555
8561
8567
8569
8573
8586
8587
8588
8593
8601
8603
8608
8613
8616
8617
8621
8629
8634
8638
8639
8641
8646
8649
8650
8661
8674
8676
8679
8683
8684
8699
8701
8702
8708
8710
8711
8712
8717
8728
8737
8743
8744
8745
8748
8757
8762
8764
8780
8793
8794
8796
8797
8806
8807
8810
8811
8816
8819
8820
8825
8828
8830
8835
8840
8843
8844
8845
8848
8869
8877
8882
8883
8886
8889
8892
8899
8907
8909
8913
8918
8925
8926
8927
8932
8935
8941
8948
8949
8950
8954
8958
8960
8967
8971
8977
8990
8991
8993
8996
8999
9004
9009
9012
9015
9016
9017
9020
9021
9026
9027
9029
9030
9031
9033
9040
9041
9045
9048
9050
9052
9056
9067
9068
9070
9072
9080
9082
9089
9091
9092
9094
9096
9099
9105
9108
9112
9117
9118
9122
9123
9124
9128
9130
9133
9135
9137
9145
9149
9159
9163
9165
9171
9174
9179
9190
9201
9204
9208
9218
9221
9224
9226
9228
9230
9235
9242
9246
9250
9251
9259
9261
9271
9273
9276
9278
9280
9282
9291
9296
9306
9309
9315
9316
9324
9326
9328
9332
9335
9337
9338
9339
9345
9352
9353
9356
9360
9361
9364
9366
9369
9374
9375
9378
9381
9390
9395
9401
9405
9410
9411
9413
9420
9423
9426
9431
9443
9445
9453
9462
9466
9467
9474
9484
9485
9486
9507
9508
9511
9512
9527
9529
9531
9534
9535
9537
9543
9548
9551
9555
9562
9567
9570
9571
9572
9580
9586
9593
9594
9597
9603
9610
9617
9620
9622
9625
9630
9634
9635
9637
9646
9663
9674
9679
9681
9683
9686
9690
9693
9694
9703
9705
9706
9709
9710
9712
9713
9715
9716
9719
9728
9731
9734
9752
9760
9763
9770
9771
9776
9777
9782
9784
9792
9799
9802
9804
9805
9807
9808
9809
9812
9815
9816
9818
9825
9829
9831
9833
9836
9840
9843
9845
9853
9856
9858
9868
9870
9871
9873
9875
9876
9879
9883
9886
9888
9890
9894
9898
9908
9909
9912
9914
9919
9923
9925
9926
9929
9932
9933
9938
9939
9941
9943
9945
9947
9953
9957
9958
9959
9969
9971
9978
9986
9989
9999
